%YAML:1.0
---
ee_T_cam: !!opencv-matrix
   rows: 4
   cols: 4
   dt: d
   data: [ -0.056137731765556254, -0.99841923175979641,
       -0.0027554898650053675, 0.06921657835298678, 0.99842156593465803,
       -0.056132702459519512, -0.0018698639458890073,
       -0.029671525149467175, 0.0017122350316272764,
       -0.0028561104265681413, 0.99999445542684251, -0.16635405443781331,
       0., 0., 0., 1. ]
